0.0,
-0.0078125,
-0.060546875,
-0.16796875,
-0.29296875,
-0.345703125,
-0.22265625,
0.15625,
0.783203125,
1.537109375,
2.1796875,
2.408203125,
1.939453125,
0.623046875,
-1.46484375,
-3.95703125,
-6.234375,
-7.5234375,
-7.12109375,
-4.58984375,
0.0,
5.96484375,
12.0390625,
16.59375,
17.953125,
14.96875,
7.30859375,
-4.12109375,
-17.21875,
-28.921875,
-35.90625,
-35.3125,
-25.640625,
-7.5,
16.25,
40.75,
59.90625,
67.875,
60.625,
37.03125,
-0.0,
-43.6875,
-84.4375,
-111.625,
-116.3125,
-93.5,
-44.125,
24.109375,
97.6875,
159.5,
192.875,
185.0,
131.375,
37.625,
-79.9375,
-196.875,
-284.75,
-318.5,
-280.75,
-169.875,
0.0,
197.75,
381.0,
503.75,
526.5,
426.0,
203.25,
-112.6875,
-466.25,
-782.5,
-979.0,
-981.0,
-736.0,
-226.0,
525.0,
1452.0,
2454.0,
3414.0,
4208.0,
4732.0,
4916.0,
4732.0,
4208.0,
3414.0,
2454.0,
1452.0,
525.0,
-226.0,
-736.0,
-981.0,
-979.0,
-782.5,
-466.25,
-112.6875,
203.25,
426.0,
526.5,
503.75,
381.0,
197.75,
-0.0,
-169.875,
-280.75,
-318.5,
-284.75,
-196.875,
-79.9375,
37.625,
131.375,
185.0,
192.875,
159.5,
97.6875,
24.109375,
-44.125,
-93.5,
-116.3125,
-111.625,
-84.4375,
-43.6875,
0.0,
37.03125,
60.625,
67.875,
59.90625,
40.75,
16.25,
-7.5,
-25.640625,
-35.3125,
-35.90625,
-28.921875,
-17.21875,
-4.12109375,
7.30859375,
14.96875,
17.953125,
16.59375,
12.0390625,
5.96484375,
-0.0,
-4.58984375,
-7.12109375,
-7.5234375,
-6.234375,
-3.95703125,
-1.46484375,
0.623046875,
1.939453125,
2.408203125,
2.1796875,
1.537109375,
0.783203125,
0.15625,
-0.22265625,
-0.345703125,
-0.29296875,
-0.16796875,
-0.060546875,
-0.0078125,
