-0.0,
4e-07,
-2.26e-06,
3.7e-06,
-0.0,
-1.055e-05,
2.193e-05,
-2.15e-05,
0.0,
3.72e-05,
-6.65e-05,
5.835e-05,
-0.0,
-8.583e-05,
0.0001447,
-0.00012076,
0.0,
0.0001644,
-0.0002685,
0.0002182,
-0.0,
-0.0002835,
0.0004542,
-0.0003624,
0.0,
0.0004568,
-0.0007215,
0.0005684,
-0.0,
-0.0007005,
0.001096,
-0.000855,
0.0,
0.001035,
-0.001605,
0.001244,
-0.0,
-0.001484,
0.002287,
-0.0017605,
0.0,
0.002077,
-0.003185,
0.00244,
-0.0,
-0.002853,
0.004356,
-0.003325,
0.0,
0.003864,
-0.005886,
0.004482,
-0.0,
-0.005188,
0.0079,
-0.00601,
0.0,
0.006958,
-0.0106,
0.00807,
-0.0,
-0.0094,
0.01437,
-0.01101,
0.0,
0.013,
-0.02007,
0.01555,
-0.0,
-0.01895,
0.02988,
-0.02376,
0.0,
0.03117,
-0.05185,
0.0443,
-0.0,
-0.0746,
0.1588,
-0.225,
0.25,
-0.225,
0.1588,
-0.0746,
0.0,
0.0443,
-0.05185,
0.03117,
-0.0,
-0.02376,
0.02988,
-0.01895,
0.0,
0.01555,
-0.02007,
0.013,
-0.0,
-0.01101,
0.01437,
-0.0094,
0.0,
0.00807,
-0.0106,
0.006958,
-0.0,
-0.00601,
0.0079,
-0.005188,
0.0,
0.004482,
-0.005886,
0.003864,
-0.0,
-0.003325,
0.004356,
-0.002853,
0.0,
0.00244,
-0.003185,
0.002077,
-0.0,
-0.0017605,
0.002287,
-0.001484,
0.0,
0.001244,
-0.001605,
0.001035,
-0.0,
-0.000855,
0.001096,
-0.0007005,
0.0,
0.0005684,
-0.0007215,
0.0004568,
-0.0,
-0.0003624,
0.0004542,
-0.0002835,
0.0,
0.0002182,
-0.0002685,
0.0001644,
-0.0,
-0.00012076,
0.0001447,
-8.583e-05,
0.0,
5.835e-05,
-6.65e-05,
3.72e-05,
-0.0,
-2.15e-05,
2.193e-05,
-1.055e-05,
0.0,
3.7e-06,
-2.26e-06,
4e-07,
