0.0,
-2e-07,
-1.3e-06,
-4.2e-06,
-8.94e-06,
-1.49e-05,
-2.086e-05,
-2.46e-05,
-2.39e-05,
-1.63e-05,
0.0,
2.55e-05,
5.92e-05,
9.82e-05,
0.0001376,
0.0001708,
0.0001903,
0.0001881,
0.0001578,
9.53e-05,
-0.0,
-0.0001239,
-0.000267,
-0.0004146,
-0.000548,
-0.0006456,
-0.000686,
-0.0006504,
-0.000525,
-0.0003061,
0.0,
0.0003736,
0.0007825,
0.0011835,
0.001527,
0.001758,
0.001828,
0.001698,
0.001344,
0.000769,
-0.0,
-0.0009074,
-0.001872,
-0.00279,
-0.00355,
-0.004036,
-0.004143,
-0.003803,
-0.002981,
-0.001689,
0.0,
0.001959,
0.00401,
0.005936,
0.007507,
0.00849,
0.00869,
0.00796,
0.006226,
0.003527,
-0.0,
-0.00411,
-0.008446,
-0.012596,
-0.01607,
-0.01839,
-0.01909,
-0.01779,
-0.01423,
-0.00828,
0.0,
0.01038,
0.02246,
0.03568,
0.04932,
0.0627,
0.0749,
0.0853,
0.0933,
0.09827,
0.1,
0.09827,
0.0933,
0.0853,
0.0749,
0.0627,
0.04932,
0.03568,
0.02246,
0.01038,
-0.0,
-0.00828,
-0.01423,
-0.01779,
-0.01909,
-0.01839,
-0.01607,
-0.012596,
-0.008446,
-0.00411,
0.0,
0.003527,
0.006226,
0.00796,
0.00869,
0.00849,
0.007507,
0.005936,
0.00401,
0.001959,
-0.0,
-0.001689,
-0.002981,
-0.003803,
-0.004143,
-0.004036,
-0.00355,
-0.00279,
-0.001872,
-0.0009074,
0.0,
0.000769,
0.001344,
0.001698,
0.001828,
0.001758,
0.001527,
0.0011835,
0.0007825,
0.0003736,
-0.0,
-0.0003061,
-0.000525,
-0.0006504,
-0.000686,
-0.0006456,
-0.000548,
-0.0004146,
-0.000267,
-0.0001239,
0.0,
9.53e-05,
0.0001578,
0.0001881,
0.0001903,
0.0001708,
0.0001376,
9.82e-05,
5.92e-05,
2.55e-05,
-0.0,
-1.63e-05,
-2.39e-05,
-2.46e-05,
-2.086e-05,
-1.49e-05,
-8.94e-06,
-4.2e-06,
-1.3e-06,
-2e-07,
