-0.0,
0.013671875,
-0.07421875,
0.12109375,
-0.0,
-0.345703125,
0.71875,
-0.705078125,
0.0,
1.21875,
-2.1796875,
1.912109375,
-0.0,
-2.8125,
4.7421875,
-3.95703125,
0.0,
5.38671875,
-8.796875,
7.1484375,
-0.0,
-9.2890625,
14.8828125,
-11.875,
0.0,
14.96875,
-23.640625,
18.625,
-0.0,
-22.953125,
35.90625,
-28.015625,
0.0,
33.90625,
-52.59375,
40.75,
-0.0,
-48.625,
74.9375,
-57.6875,
0.0,
68.0625,
-104.375,
79.9375,
-0.0,
-93.5,
142.75,
-108.9375,
0.0,
126.625,
-192.875,
146.875,
-0.0,
-170.0,
258.75,
-196.875,
0.0,
228.0,
-347.25,
264.5,
-0.0,
-308.0,
471.0,
-360.75,
0.0,
426.0,
-657.5,
509.5,
-0.0,
-621.0,
979.0,
-778.5,
0.0,
1021.5,
-1699.0,
1452.0,
-0.0,
-2444.0,
5204.0,
-7372.0,
8192.0,
-7372.0,
5204.0,
-2444.0,
0.0,
1452.0,
-1699.0,
1021.5,
-0.0,
-778.5,
979.0,
-621.0,
0.0,
509.5,
-657.5,
426.0,
-0.0,
-360.75,
471.0,
-308.0,
0.0,
264.5,
-347.25,
228.0,
-0.0,
-196.875,
258.75,
-170.0,
0.0,
146.875,
-192.875,
126.625,
-0.0,
-108.9375,
142.75,
-93.5,
0.0,
79.9375,
-104.375,
68.0625,
-0.0,
-57.6875,
74.9375,
-48.625,
0.0,
40.75,
-52.59375,
33.90625,
-0.0,
-28.015625,
35.90625,
-22.953125,
0.0,
18.625,
-23.640625,
14.96875,
-0.0,
-11.875,
14.8828125,
-9.2890625,
0.0,
7.1484375,
-8.796875,
5.38671875,
-0.0,
-3.95703125,
4.7421875,
-2.8125,
0.0,
1.912109375,
-2.1796875,
1.21875,
-0.0,
-0.705078125,
0.71875,
-0.345703125,
0.0,
0.12109375,
-0.07421875,
0.013671875,
