-0.0,
5.4e-07,
-0.0,
-5.2e-06,
0.0,
1.49e-05,
-0.0,
-3.046e-05,
0.0,
5.263e-05,
-0.0,
-8.25e-05,
0.0,
0.0001214,
-0.0,
-0.0001708,
0.0,
0.0002325,
-0.0,
-0.0003085,
0.0,
0.000401,
-0.0,
-0.0005126,
0.0,
0.000646,
-0.0,
-0.000804,
0.0,
0.000991,
-0.0,
-0.001209,
0.0,
0.001463,
-0.0,
-0.001758,
0.0,
0.002098,
-0.0,
-0.00249,
0.0,
0.002937,
-0.0,
-0.00345,
0.0,
0.004036,
-0.0,
-0.004704,
0.0,
0.005466,
-0.0,
-0.006336,
0.0,
0.00734,
-0.0,
-0.00849,
0.0,
0.00984,
-0.0,
-0.01141,
0.0,
0.01329,
-0.0,
-0.015564,
0.0,
0.01839,
-0.0,
-0.02199,
0.0,
0.0268,
-0.0,
-0.0336,
0.0,
0.0441,
-0.0,
-0.0627,
0.0,
0.1055,
-0.0,
-0.318,
0.5,
-0.318,
0.0,
0.1055,
-0.0,
-0.0627,
0.0,
0.0441,
-0.0,
-0.0336,
0.0,
0.0268,
-0.0,
-0.02199,
0.0,
0.01839,
-0.0,
-0.015564,
0.0,
0.01329,
-0.0,
-0.01141,
0.0,
0.00984,
-0.0,
-0.00849,
0.0,
0.00734,
-0.0,
-0.006336,
0.0,
0.005466,
-0.0,
-0.004704,
0.0,
0.004036,
-0.0,
-0.00345,
0.0,
0.002937,
-0.0,
-0.00249,
0.0,
0.002098,
-0.0,
-0.001758,
0.0,
0.001463,
-0.0,
-0.001209,
0.0,
0.000991,
-0.0,
-0.000804,
0.0,
0.000646,
-0.0,
-0.0005126,
0.0,
0.000401,
-0.0,
-0.0003085,
0.0,
0.0002325,
-0.0,
-0.0001708,
0.0,
0.0001214,
-0.0,
-8.25e-05,
0.0,
5.263e-05,
-0.0,
-3.046e-05,
0.0,
1.49e-05,
-0.0,
-5.2e-06,
0.0,
5.4e-07,
