-6e-08,
-2.4e-07,
-2.4e-07,
2.26e-06,
8.8e-06,
-0.0,
-2.54e-05,
-2.19e-05,
8.9e-06,
-6e-08,
-1.544e-05,
6.65e-05,
0.0001408,
-0.0,
-0.0002072,
-0.0001446,
5e-05,
-0.0,
-6.81e-05,
0.0002685,
0.0005264,
-0.0,
-0.0006843,
-0.0004542,
0.0001501,
-0.0,
-0.0001892,
0.0007215,
0.001372,
-0.0,
-0.001691,
-0.001096,
0.000354,
-0.0,
-0.0004287,
0.001605,
0.003002,
-0.0,
-0.003582,
-0.002287,
0.000729,
-0.0,
-0.00086,
0.003185,
0.00589,
-0.0,
-0.00689,
-0.004356,
0.001377,
-0.0,
-0.0016,
0.005886,
0.01082,
-0.0,
-0.01253,
-0.0079,
0.002487,
-0.0,
-0.002882,
0.0106,
0.01949,
-0.0,
-0.02269,
-0.01437,
0.00456,
-0.0,
-0.005386,
0.02007,
0.03754,
-0.0,
-0.04575,
-0.02988,
0.00984,
-0.0,
-0.01291,
0.05185,
0.107,
-0.0,
-0.18,
-0.1587,
0.0932,
0.25,
0.0932,
-0.1587,
-0.18,
0.0,
0.107,
0.05185,
-0.01291,
-0.0,
0.00984,
-0.02988,
-0.04575,
0.0,
0.03754,
0.02007,
-0.005386,
-0.0,
0.00456,
-0.01437,
-0.02269,
0.0,
0.01949,
0.0106,
-0.002882,
-0.0,
0.002487,
-0.0079,
-0.01253,
0.0,
0.01082,
0.005886,
-0.0016,
-0.0,
0.001377,
-0.004356,
-0.00689,
0.0,
0.00589,
0.003185,
-0.00086,
-0.0,
0.000729,
-0.002287,
-0.003582,
0.0,
0.003002,
0.001605,
-0.0004287,
-0.0,
0.000354,
-0.001096,
-0.001691,
0.0,
0.001372,
0.0007215,
-0.0001892,
-0.0,
0.0001501,
-0.0004542,
-0.0006843,
0.0,
0.0005264,
0.0002685,
-6.81e-05,
-0.0,
5e-05,
-0.0001446,
-0.0002072,
0.0,
0.0001408,
6.65e-05,
-1.544e-05,
-6e-08,
8.9e-06,
-2.19e-05,
-2.54e-05,
0.0,
8.8e-06,
2.26e-06,
