-0.0,
-0.0001905,
-0.0003164,
-0.0003273,
-0.0002111,
0.0,
0.0002346,
0.000404,
0.0004315,
0.000286,
-0.0,
-0.0003319,
-0.00058,
-0.000627,
-0.0004194,
-0.0,
0.000491,
0.0008597,
0.00093,
0.000621,
-0.0,
-0.000723,
-0.001261,
-0.001357,
-0.0009017,
0.0,
0.0010395,
0.001802,
0.00193,
0.001276,
-0.0,
-0.001455,
-0.002512,
-0.002676,
-0.001761,
0.0,
0.001991,
0.003424,
0.003635,
0.002384,
-0.0,
-0.00268,
-0.004593,
-0.004864,
-0.003183,
0.0,
0.003567,
0.006104,
0.00646,
0.004223,
-0.0,
-0.00473,
-0.0081,
-0.00858,
-0.00562,
0.0,
0.006325,
0.010864,
0.01155,
0.0076,
-0.0,
-0.00865,
-0.01498,
-0.01607,
-0.01067,
0.0,
0.01247,
0.02194,
0.02399,
0.01631,
-0.0,
-0.02022,
-0.03702,
-0.04254,
-0.03082,
0.0,
0.04654,
0.1007,
0.1512,
0.1873,
0.2002,
0.1873,
0.1512,
0.1007,
0.04654,
0.0,
-0.03082,
-0.04254,
-0.03702,
-0.02022,
-0.0,
0.01631,
0.02399,
0.02194,
0.01247,
0.0,
-0.01067,
-0.01607,
-0.01498,
-0.00865,
-0.0,
0.0076,
0.01155,
0.010864,
0.006325,
0.0,
-0.00562,
-0.00858,
-0.0081,
-0.00473,
-0.0,
0.004223,
0.00646,
0.006104,
0.003567,
0.0,
-0.003183,
-0.004864,
-0.004593,
-0.00268,
-0.0,
0.002384,
0.003635,
0.003424,
0.001991,
0.0,
-0.001761,
-0.002676,
-0.002512,
-0.001455,
-0.0,
0.001276,
0.00193,
0.001802,
0.0010395,
0.0,
-0.0009017,
-0.001357,
-0.001261,
-0.000723,
-0.0,
0.000621,
0.00093,
0.0008597,
0.000491,
-0.0,
-0.0004194,
-0.000627,
-0.00058,
-0.0003319,
-0.0,
0.000286,
0.0004315,
0.000404,
0.0002346,
0.0,
-0.0002111,
-0.0003273,
-0.0003164,
-0.0001905,
