0.0,
0.0,
0.0,
0.0,
0.0,
0.0,
0.0,
0.0,
0.0,
0.0,
-0.0,
-0.0,
-0.0,
-0.0,
-0.0,
-0.0,
-0.0,
0.0,
0.0,
0.0,
0.0,
0.0,
0.0,
0.0,
-0.0,
-0.0,
-0.0,
-0.0,
-0.0,
-0.0,
0.0,
0.0,
0.0,
0.0,
0.0,
0.0,
0.0,
-0.0,
-0.0,
-0.0,
-0.0,
-0.0,
-0.0,
-0.0,
0.0,
0.0,
0.0,
0.0,
0.0,
0.0,
-0.0,
-0.0,
-0.0,
-0.0,
-0.0,
-0.0,
-0.0,
0.0,
0.0,
0.0,
0.0,
0.0,
0.0,
0.0,
-0.0,
-0.0,
-0.0,
-0.0,
-0.0,
-0.0,
0.0,
0.0,
0.0,
0.0,
0.0,
0.0,
0.0,
-0.0,
-0.0,
-0.0,
-0.0,
-0.0,
-0.0,
-0.0,
-0.0,
-0.0,
-0.0,
-0.0,
0.0,
-0.0,
0.0,
0.0,
0.0,
0.0,
0.0,
0.0,
0.0,
-0.0,
-0.0,
-0.0,
-0.0,
-0.0,
-0.0,
-0.0,
0.0,
0.0,
0.0,
0.0,
0.0,
0.0,
-0.0,
-0.0,
-0.0,
-0.0,
-0.0,
-0.0,
-0.0,
0.0,
0.0,
0.0,
0.0,
0.0,
0.0,
0.0,
-0.0,
-0.0,
-0.0,
-0.0,
-0.0,
-0.0,
0.0,
0.0,
0.0,
0.0,
0.0,
0.0,
0.0,
-0.0,
-0.0,
-0.0,
-0.0,
-0.0,
-0.0,
-0.0,
0.0,
0.0,
0.0,
0.0,
0.0,
0.0,
-0.0,
-0.0,
-0.0,
-6e-08,
-0.0,
-0.0,
-6e-08,
0.0,
0.0,
0.0,
1e-07,
0.0,
6e-08,
6e-08,
-6e-08,
-0.0,
-6e-08,
-1e-07,
-0.0,
-6e-08,
-0.0,
6e-08,
0.0,
1e-07,
6e-08,
0.0,
1e-07,
-6e-08,
-6e-08,
-6e-08,
-2e-07,
-6e-08,
-6e-08,
-6e-08,
1e-07,
6e-08,
1e-07,
2.4e-07,
0.0,
2e-07,
0.0,
-2e-07,
-0.0,
-2.4e-07,
-2e-07,
-6e-08,
-2e-07,
1e-07,
1e-07,
1e-07,
3.6e-07,
1e-07,
1e-07,
1e-07,
-2.4e-07,
-6e-08,
-2.4e-07,
-3.6e-07,
-6e-08,
-2.4e-07,
-0.0,
2.4e-07,
6e-08,
4e-07,
2.4e-07,
6e-08,
3e-07,
-2e-07,
-2e-07,
-1e-07,
-5e-07,
-1e-07,
-2e-07,
-2e-07,
3e-07,
6e-08,
3e-07,
4e-07,
6e-08,
3e-07,
0.0,
-3e-07,
-0.0,
-4e-07,
-3e-07,
-6e-08,
-3e-07,
2e-07,
1e-07,
6e-08,
4e-07,
6e-08,
1e-07,
2e-07,
-3e-07,
-0.0,
-2.4e-07,
-3.6e-07,
6e-08,
-2.4e-07,
0.0,
2.4e-07,
-6e-08,
3e-07,
1e-07,
-6e-08,
2.4e-07,
-2e-07,
-6e-08,
6e-08,
-3e-07,
6e-08,
-6e-08,
-1e-07,
2e-07,
-1e-07,
0.0,
1e-07,
-2e-07,
1e-07,
-0.0,
-1e-07,
2.4e-07,
-0.0,
1e-07,
2e-07,
-1e-07,
6e-08,
-1e-07,
-2.4e-07,
-6e-08,
-3e-07,
-1e-07,
6e-08,
-6e-08,
3e-07,
2.4e-07,
2e-07,
3.6e-07,
6e-08,
0.0,
-6e-08,
-4e-07,
-3e-07,
-3.6e-07,
-3.6e-07,
-6e-08,
-0.0,
2.4e-07,
5e-07,
3.6e-07,
5e-07,
3e-07,
0.0,
-6e-08,
-4e-07,
-5e-07,
-5e-07,
-5e-07,
-2e-07,
-0.0,
2e-07,
5e-07,
5e-07,
5.4e-07,
4e-07,
1e-07,
-0.0,
-3e-07,
-5e-07,
-4e-07,
-5e-07,
-3e-07,
-0.0,
1e-07,
4e-07,
5.4e-07,
5e-07,
5e-07,
2e-07,
-0.0,
-2e-07,
-5e-07,
-5e-07,
-5e-07,
-4e-07,
-6e-08,
0.0,
3e-07,
5e-07,
3.6e-07,
5e-07,
2.4e-07,
-0.0,
-6e-08,
-3.6e-07,
-3.6e-07,
-3e-07,
-4e-07,
-6e-08,
0.0,
6e-08,
3.6e-07,
2e-07,
2.4e-07,
3e-07,
-6e-08,
6e-08,
-1e-07,
-3e-07,
-6e-08,
-2.4e-07,
-1e-07,
6e-08,
-1e-07,
2e-07,
1e-07,
-0.0,
2.4e-07,
-1e-07,
-0.0,
1e-07,
-2e-07,
1e-07,
0.0,
-1e-07,
2e-07,
-1e-07,
-6e-08,
6e-08,
-3e-07,
6e-08,
-6e-08,
-2e-07,
2.4e-07,
-6e-08,
1e-07,
3e-07,
-6e-08,
2.4e-07,
0.0,
-2.4e-07,
6e-08,
-3.6e-07,
-2.4e-07,
-0.0,
-3e-07,
2e-07,
1e-07,
6e-08,
4e-07,
6e-08,
1e-07,
2e-07,
-3e-07,
-6e-08,
-3e-07,
-4e-07,
-0.0,
-3e-07,
0.0,
3e-07,
6e-08,
4e-07,
3e-07,
6e-08,
3e-07,
-2e-07,
-2e-07,
-1e-07,
-5e-07,
-1e-07,
-2e-07,
-2e-07,
3e-07,
6e-08,
2.4e-07,
4e-07,
6e-08,
2.4e-07,
-0.0,
-2.4e-07,
-6e-08,
-3.6e-07,
-2.4e-07,
-6e-08,
-2.4e-07,
1e-07,
1e-07,
1e-07,
3.6e-07,
1e-07,
1e-07,
1e-07,
-2e-07,
-6e-08,
-2e-07,
-2.4e-07,
-0.0,
-2e-07,
0.0,
2e-07,
0.0,
2.4e-07,
1e-07,
6e-08,
1e-07,
-6e-08,
-6e-08,
-6e-08,
-2e-07,
-6e-08,
-6e-08,
-6e-08,
1e-07,
0.0,
6e-08,
1e-07,
0.0,
6e-08,
-0.0,
-6e-08,
-0.0,
-1e-07,
-6e-08,
-0.0,
-6e-08,
6e-08,
6e-08,
0.0,
1e-07,
0.0,
0.0,
0.0,
-6e-08,
-0.0,
-0.0,
-6e-08,
-0.0,
-0.0,
-0.0,
0.0,
0.0,
0.0,
0.0,
0.0,
0.0,
-0.0,
-0.0,
-0.0,
-0.0,
-0.0,
-0.0,
-0.0,
0.0,
0.0,
0.0,
0.0,
0.0,
0.0,
0.0,
-0.0,
-0.0,
-0.0,
-0.0,
-0.0,
-0.0,
0.0,
0.0,
0.0,
0.0,
0.0,
0.0,
0.0,
-0.0,
-0.0,
-0.0,
-0.0,
-0.0,
-0.0,
-0.0,
0.0,
0.0,
0.0,
0.0,
0.0,
0.0,
-0.0,
-0.0,
-0.0,
-0.0,
-0.0,
-0.0,
-0.0,
0.0,
0.0,
0.0,
0.0,
0.0,
0.0,
0.0,
-0.0,
0.0,
-0.0,
-0.0,
-0.0,
-0.0,
-0.0,
-0.0,
-0.0,
-0.0,
-0.0,
-0.0,
-0.0,
0.0,
0.0,
0.0,
0.0,
0.0,
0.0,
0.0,
-0.0,
-0.0,
-0.0,
-0.0,
-0.0,
-0.0,
0.0,
0.0,
0.0,
0.0,
0.0,
0.0,
0.0,
-0.0,
-0.0,
-0.0,
-0.0,
-0.0,
-0.0,
-0.0,
0.0,
0.0,
0.0,
0.0,
0.0,
0.0,
-0.0,
-0.0,
-0.0,
-0.0,
-0.0,
-0.0,
-0.0,
0.0,
0.0,
0.0,
0.0,
0.0,
0.0,
0.0,
-0.0,
-0.0,
-0.0,
-0.0,
-0.0,
-0.0,
0.0,
0.0,
0.0,
0.0,
0.0,
0.0,
0.0,
-0.0,
-0.0,
-0.0,
-0.0,
-0.0,
-0.0,
-0.0,
0.0,
0.0,
0.0,
0.0,
0.0,
0.0,
